                                                                                                                        
                                                                                                                        
    80      70           00    01                58              8      85 7          84           7                    
    84  42170871151    0 87   08                 68              8      87 807       90 711117111117     80125555555188 
  7 86 7    80        507097 2875116254          10              84299  8   79      70  70  787  18      87          78 
 7770977 567117787    87 82708 70 78 90   14121178871212297      8   7770971770    100  78  787  28      81          70 
    88   08     87   18  07 7  0  87 58   77777  08   7777       0   71780   7    8020  78777077718      88566060609488 
   80407 60  7  87       892  07 70  89          800          1858548    8  08    7 78 1777177717775     87          70 
 78 11   687777787    75086 707  87  81         88 06         20    8    0 78       10  17777777775      8              
 77 64   69     87   787 87 5   87   87        80   88        18    0    708        18  08 77877 18     18              
    84   487777787       07   687    0        80     687      1071178    080        10  80777877718     87              
    09   88     05       81 288     58     7887        885    58 7 7877807 90 18    18  77777177771    80               
    80 5211111211157     02      7809     802           708           47    7087    98 5777777777774  71                
                                                                                                                        